1,8,0.69892
1,46,0.626204
1,18,0.265155
1,15,0.256638
1,16,0.240652
1,5,0.203962
1,20,0.176057
1,11,0.0438475
1,29,0.0218325
1,4,0.0205108
1,30,0.0154961
1,32,0.0154417
1,27,0.0130282
1,59,0.012616
1,33,0.0116623
1,7,0.0101304
1,22,0.00930416
1,44,0.00907669
1,21,0.00834008
1,71,0.00742353
1,50,0.00220538
1,53,0.00104452
1,9,0.00046902
1,55,0.000453415
2,4,0.344748
2,6,0.222137
2,37,0.220489
2,26,0.163919
2,70,0.160623
2,48,0.160623
2,9,0.147678
2,20,0.134617
2,23,0.122207
2,72,0.116433
2,41,0.0832085
2,51,0.0392499
2,68,0.0324611
2,50,0.0191658
2,42,0.013136
2,62,0.00599673
2,73,0.00390922
2,71,0.00288547
2,64,0.0026236
2,18,0.00168192
2,13,0.000218569
2,10,5.97E-05
2,66,3.48E-05
2,40,3.03E-06
3,17,0.601588
3,10,0.598055
3,52,0.560383
3,96,0.533327
3,14,0.478059
3,93,0.456971
3,88,0.430131
3,39,0.420189
3,9,0.317368
3,54,0.296387
3,13,0.279165
3,49,0.271595
3,91,0.199622
3,76,0.195994
3,41,0.191469
3,85,0.160901
3,5,0.147463
3,28,0.146967
3,83,0.123604
3,19,0.123263
3,37,0.032986
3,36,0.0282193
3,74,0.00259007
3,92,0.00113194
4,37,0.490602
4,26,0.375808
4,48,0.36045
4,2,0.344748
4,23,0.271919
4,41,0.174165
4,51,0.0873337
4,36,0.0459098
4,42,0.0452963
4,18,0.0276192
4,1,0.0205108
4,50,0.0188129
4,35,0.0182296
4,5,0.0181765
4,20,0.0156897
4,38,0.0140719
4,9,0.0137046
4,13,0.00286283
4,12,0.00162088
4,47,0.000548578
4,28,0.000521149
4,46,0.000443506
4,40,0.000216622
4,24,0.000177539
5,18,0.234978
5,1,0.203962
5,9,0.190098
5,20,0.15602
5,26,0.149312
5,3,0.147463
5,19,0.142478
5,39,0.13962
5,44,0.0855052
5,35,0.0823877
5,31,0.0397103
5,14,0.0326261
5,43,0.0195693
5,4,0.0181765
5,25,0.0174478
5,23,0.00674742
5,17,0.00652531
5,6,0.00646965
5,32,0.00522935
5,33,0.00296305
5,22,0.00176819
5,40,0.00173383
5,34,0.00162919
5,24,0.000464444
6,9,0.260119
6,20,0.237114
6,2,0.222137
6,50,0.019057
6,44,0.0149565
6,31,0.00694611
6,48,0.00670606
6,5,0.00646965
6,14,0.00570693
6,43,0.00342304
6,53,0.00327544
6,25,0.00305195
6,18,0.00296253
6,42,0.00118835
6,23,0.00118025
6,17,0.0011414
6,32,0.000914715
6,33,0.000518294
6,45,0.000473082
6,19,0.000400445
6,51,0.00031125
6,22,0.00030929
6,34,0.000284977
6,24,8.12E-05
7,11,0.646138
7,95,0.127141
7,30,0.041057
7,8,0.0381889
7,80,0.0344929
7,82,0.0271949
7,15,0.0147331
7,16,0.0104748
7,1,0.0101304
7,86,0.00754656
7,53,0.00619089
7,46,0.00561184
7,59,0.00495929
7,29,0.0047521
7,81,0.00289128
7,22,0.00255079
7,27,0.00112919
7,32,0.000948882
7,99,0.000532295
7,89,0.000517229
7,33,0.00050851
7,21,0.000363653
7,44,0.0001971
7,55,1.98E-05
8,1,0.69892
8,30,0.58186
8,46,0.566197
8,80,0.557752
8,99,0.251528
8,82,0.238865
8,15,0.237585
8,16,0.222396
8,95,0.198125
8,86,0.160225
8,81,0.0613865
8,11,0.0405923
8,7,0.0381889
8,29,0.0202117
8,27,0.019947
8,32,0.0181683
8,59,0.0116794
8,89,0.0109816
8,33,0.0107965
8,22,0.00889247
8,44,0.00829212
8,21,0.00772092
8,53,0.000966973
8,55,0.000419754
9,42,0.631173
9,35,0.559042
9,83,0.462459
9,63,0.447412
9,38,0.408787
9,26,0.353988
9,68,0.321363
9,3,0.317368
9,6,0.260119
9,49,0.253724
9,76,0.251905
9,74,0.233967
9,52,0.218764
9,5,0.190098
9,19,0.158553
9,20,0.157993
9,39,0.15791
9,2,0.147678
9,79,0.128343
9,4,0.0137046
9,50,0.0126736
9,71,0.00339397
9,18,0.00250985
9,1,0.00046902
10,17,0.700372
10,88,0.656117
10,96,0.620851
10,3,0.598055
10,54,0.521746
10,39,0.479136
10,14,0.39184
10,93,0.380599
10,52,0.261712
10,41,0.247438
10,85,0.188373
10,90,0.181114
10,28,0.172437
10,49,0.0873216
10,13,0.0526145
10,37,0.0383411
10,36,0.0328005
10,94,0.0129365
10,62,0.0099308
10,68,0.00691487
10,42,0.00363861
10,66,0.000354386
10,26,7.56E-05
10,2,5.97E-05
11,7,0.646138
11,82,0.0696584
11,15,0.0484344
11,16,0.0453379
11,80,0.0440153
11,1,0.0438475
11,8,0.0405923
11,86,0.0326637
11,95,0.0290182
11,46,0.013198
11,81,0.0125143
11,29,0.00412037
11,32,0.00400303
11,30,0.00292452
11,27,0.00245877
11,59,0.00238098
11,99,0.00230393
11,89,0.00223872
11,33,0.00220098
11,22,0.00175594
11,21,0.00157399
11,44,0.000853106
11,53,0.000197128
11,55,8.56E-05
12,35,0.164656
12,25,0.0875365
12,27,0.0800068
12,20,0.0470769
12,65,0.0297667
12,28,0.0297136
12,38,0.0239422
12,55,0.0234986
12,37,0.0218418
12,46,0.0206789
12,63,0.0122063
12,18,0.0107467
12,13,0.0106867
12,61,0.00988864
12,47,0.00805334
12,29,0.0048437
12,67,0.00357921
12,21,0.00247235
12,4,0.00162088
12,30,0.00159791
12,40,0.00141932
12,24,0.00101129
12,36,0.000436922
12,50,9.05E-05
13,18,0.362379
13,52,0.307069
13,14,0.280893
13,3,0.279165
13,10,0.0526145
13,17,0.0495165
13,54,0.0337171
13,41,0.0250473
13,37,0.0240389
13,28,0.0206847
13,64,0.0202032
13,50,0.01462
13,39,0.0142589
13,26,0.0116466
13,36,0.0107885
13,12,0.0106867
13,49,0.0074018
13,38,0.0047216
13,46,0.00465408
13,47,0.00307683
13,4,0.00286283
13,40,0.000977514
13,24,0.000754178
13,2,0.000218569
14,39,0.519462
14,3,0.478059
14,17,0.416267
14,10,0.39184
14,13,0.280893
14,28,0.275976
14,44,0.270748
14,31,0.125741
14,48,0.121396
14,41,0.0738128
14,43,0.0619652
14,25,0.0552476
14,5,0.0326261
14,23,0.0213654
14,32,0.0165585
14,37,0.0127164
14,36,0.0108788
14,33,0.00938236
14,45,0.00856391
14,19,0.007249
14,6,0.00570693
14,22,0.00559889
14,34,0.00515875
14,24,0.00147064
15,16,0.685928
15,82,0.285011
15,80,0.261173
15,1,0.256638
15,8,0.237585
15,59,0.194249
15,86,0.191179
15,95,0.169842
15,46,0.118268
15,53,0.10242
15,29,0.084947
15,81,0.0732458
15,11,0.0484344
15,33,0.0185054
15,30,0.0171171
15,32,0.0170571
15,7,0.0147331
15,27,0.0143911
15,99,0.0134848
15,89,0.0132294
15,22,0.0102775
15,21,0.00921253
15,44,0.0050262
15,55,0.000500846
16,15,0.685928
16,82,0.485269
16,80,0.446317
16,33,0.297321
16,1,0.240652
16,8,0.222396
16,86,0.178957
16,95,0.158984
16,44,0.136426
16,46,0.072309
16,81,0.0685631
16,55,0.0458931
16,11,0.0453379
16,30,0.0305147
16,32,0.0261278
16,29,0.0225746
16,27,0.013471
16,59,0.0130449
16,99,0.0126227
16,89,0.0122654
16,7,0.0104748
16,22,0.00962041
16,21,0.00862356
16,53,0.00108002
17,10,0.700372
17,3,0.601588
17,14,0.416267
17,39,0.354254
17,37,0.334899
17,41,0.268131
17,28,0.140714
17,44,0.0541505
17,13,0.0495165
17,36,0.0317952
17,31,0.0251486
17,48,0.0242795
17,43,0.0123932
17,25,0.0110497
17,5,0.00652531
17,23,0.00427314
17,32,0.00331175
17,33,0.0018765
17,45,0.00171281
17,19,0.00144982
17,6,0.0011414
17,22,0.00111979
17,34,0.00103177
17,24,0.000294132
18,38,0.385503
18,20,0.368077
18,13,0.362379
18,36,0.298013
18,1,0.265155
18,5,0.234978
18,4,0.0276192
18,28,0.0195438
18,37,0.0121248
18,12,0.0107467
18,6,0.00296253
18,47,0.00274011
18,9,0.00250985
18,46,0.00223356
18,2,0.00168192
18,40,0.00107938
18,24,0.00088464
18,25,9.02E-05
18,29,3.79E-05
18,27,3.31E-05
18,35,2.61E-05
18,21,1.94E-05
18,30,1.25E-05
18,42,9.00E-06
19,31,0.271106
19,43,0.23078
19,56,0.207277
19,23,0.204967
19,49,0.18752
19,24,0.169664
19,52,0.161682
19,9,0.158553
19,5,0.142478
19,3,0.123263
19,39,0.116707
19,48,0.0425318
19,44,0.0189979
19,14,0.007249
19,53,0.0041605
19,25,0.00387662
19,17,0.00144982
19,32,0.00116188
19,33,0.000658342
19,45,0.000600914
19,6,0.000400445
19,51,0.000395352
19,22,0.000392863
19,34,0.00036198
20,18,0.368077
20,6,0.237114
20,1,0.176057
20,9,0.157993
20,5,0.15602
20,2,0.134617
20,46,0.119683
20,38,0.0513257
20,12,0.0470769
20,4,0.0156897
20,50,0.0132357
20,29,0.0121381
20,55,0.00434792
20,25,0.00315422
20,47,0.00223346
20,28,0.00194193
20,27,0.00115815
20,35,0.000911795
20,61,0.000747628
20,42,0.000720151
20,21,0.000676797
20,30,0.000437421
20,63,0.000314543
20,36,1.26E-05
21,27,0.43799
21,29,0.018898
21,15,0.00921253
21,25,0.00907646
21,16,0.00862356
21,1,0.00834008
21,8,0.00772092
21,35,0.00631728
21,28,0.00542606
21,30,0.00516821
21,46,0.00482181
21,38,0.00405553
21,12,0.00247235
21,11,0.00157399
21,20,0.000676797
21,47,0.000651001
21,32,0.000554311
21,33,0.00041864
21,7,0.000363653
21,22,0.000333991
21,44,0.000162266
21,53,3.75E-05
21,36,3.53E-05
21,18,1.94E-05
22,32,0.347766
22,44,0.0148544
22,15,0.0102775
22,16,0.00962041
22,1,0.00930416
22,8,0.00889247
22,31,0.0068146
22,14,0.00559889
22,43,0.00335823
22,25,0.00299417
22,7,0.00255079
22,5,0.00176819
22,11,0.00175594
22,23,0.00115791
22,17,0.00111979
22,33,0.000975514
22,29,0.000874316
22,30,0.000620565
22,27,0.000521735
22,19,0.000392863
22,21,0.000333991
22,6,0.00030929
22,34,0.000279581
22,24,7.97E-05
23,50,0.557486
23,31,0.427585
23,43,0.384599
23,24,0.366432
23,48,0.291893
23,4,0.271919
23,19,0.204967
23,37,0.173047
23,26,0.128062
23,2,0.122207
23,41,0.0614782
23,44,0.0559936
23,51,0.0501398
23,14,0.0213654
23,25,0.0114258
23,42,0.00876238
23,5,0.00674742
23,17,0.00427314
23,32,0.00342447
23,33,0.00194037
23,45,0.00177111
23,6,0.00118025
23,22,0.00115791
23,34,0.00106688
24,31,0.618788
24,43,0.582927
24,23,0.366432
24,19,0.169664
24,44,0.0038542
24,14,0.00147064
24,12,0.00101129
24,37,0.000952345
24,18,0.00088464
24,25,0.000786468
24,13,0.000754178
24,28,0.00064176
24,5,0.000464444
24,38,0.000440235
24,17,0.000294132
24,32,0.000235716
24,4,0.000177539
24,33,0.000133561
24,45,0.00012191
24,6,8.12E-05
24,22,7.97E-05
24,34,7.34E-05
24,40,7.20E-05
24,36,4.28E-05
25,35,0.101882
25,12,0.0875365
25,31,0.0672438
25,14,0.0552476
25,29,0.0437688
25,34,0.0351344
25,43,0.0331377
25,27,0.0310581
25,28,0.0252882
25,38,0.0233413
25,5,0.0174478
25,30,0.0148594
25,23,0.0114258
25,17,0.0110497
25,21,0.00907646
25,32,0.00885516
25,33,0.00501749
25,19,0.00387662
25,20,0.00315422
25,6,0.00305195
25,22,0.00299417
25,24,0.000786468
25,36,0.000164343
25,18,9.02E-05
26,63,0.638424
26,35,0.577301
26,42,0.547693
26,4,0.375808
26,9,0.353988
26,38,0.345364
26,48,0.321539
26,70,0.321539
26,68,0.316512
26,37,0.28822
26,73,0.208306
26,72,0.168319
26,2,0.163919
26,5,0.149312
26,64,0.1398
26,41,0.132843
26,23,0.128062
26,51,0.0411303
26,13,0.0116466
26,50,0.00874645
26,62,0.00759083
26,40,0.000161712
26,10,7.56E-05
26,66,4.41E-05
27,21,0.43799
27,29,0.11664
27,12,0.0800068
27,35,0.0687219
27,30,0.0496825
27,25,0.0310581
27,8,0.019947
27,15,0.0143911
27,16,0.013471
27,1,0.0130282
27,28,0.00928519
27,46,0.00787689
27,38,0.00693991
27,11,0.00245877
27,20,0.00115815
27,7,0.00112919
27,47,0.00111401
27,32,0.00095013
27,33,0.000653966
27,22,0.000521735
27,44,0.000253479
27,36,6.03E-05
27,53,5.86E-05
27,18,3.31E-05
28,47,0.629469
28,40,0.486214
28,14,0.275976
28,39,0.250502
28,10,0.172437
28,3,0.146967
28,17,0.140714
28,41,0.0629117
28,38,0.0384864
28,36,0.0346277
28,12,0.0297136
28,37,0.0260768
28,25,0.0252882
28,13,0.0206847
28,46,0.0204492
28,18,0.0195438
28,29,0.0106304
28,27,0.00928519
28,35,0.00731011
28,21,0.00542606
28,30,0.00350692
28,20,0.00194193
28,24,0.00064176
28,4,0.000521149
29,35,0.346347
29,30,0.316072
29,27,0.11664
29,53,0.105612
29,46,0.0897285
29,15,0.084947
29,25,0.0437688
29,38,0.0246691
29,16,0.0225746
29,1,0.0218325
29,8,0.0202117
29,21,0.018898
29,20,0.0121381
29,28,0.0106304
29,12,0.0048437
29,7,0.0047521
29,11,0.00412037
29,47,0.00182467
29,32,0.00145106
29,33,0.00109591
29,22,0.000874316
29,44,0.000424777
29,36,6.91E-05
29,18,3.79E-05
30,8,0.58186
30,29,0.316072
30,35,0.115035
30,27,0.0496825
30,7,0.041057
30,16,0.0305147
30,33,0.0180681
30,15,0.0171171
30,1,0.0154961
30,25,0.0148594
30,38,0.00835932
30,32,0.00770736
30,46,0.00684296
30,21,0.00516821
30,28,0.00350692
30,11,0.00292452
30,12,0.00159791
30,22,0.000620565
30,44,0.000568351
30,20,0.000437421
30,47,0.000420748
30,53,6.97E-05
30,36,2.28E-05
30,18,1.25E-05
31,43,0.665054
31,24,0.618788
31,23,0.427585
31,48,0.404767
31,61,0.38464
31,44,0.329537
31,19,0.271106
31,59,0.249626
31,56,0.245812
31,57,0.179617
31,14,0.125741
31,53,0.0721679
31,25,0.0672438
31,5,0.0397103
31,17,0.0251486
31,32,0.0201539
31,58,0.0128004
31,60,0.0121814
31,33,0.0114196
31,45,0.0104234
31,6,0.00694611
31,51,0.00685778
31,22,0.0068146
31,34,0.0062789
32,22,0.347766
32,44,0.0438835
32,16,0.0261278
32,31,0.0201539
32,8,0.0181683
32,15,0.0170571
32,14,0.0165585
32,1,0.0154417
32,33,0.0144022
32,43,0.00993186
32,25,0.00885516
32,30,0.00770736
32,5,0.00522935
32,11,0.00400303
32,23,0.00342447
32,17,0.00331175
32,29,0.00145106
32,19,0.00116188
32,27,0.00095013
32,7,0.000948882
32,6,0.000914715
32,34,0.000826852
32,21,0.000554311
32,24,0.000235716
33,16,0.297321
33,44,0.0327594
33,15,0.0185054
33,30,0.0180681
33,32,0.0144022
33,1,0.0116623
33,31,0.0114196
33,8,0.0107965
33,14,0.00938236
33,43,0.00562757
33,25,0.00501749
33,5,0.00296305
33,11,0.00220098
33,23,0.00194037
33,17,0.0018765
33,29,0.00109591
33,22,0.000975514
33,19,0.000658342
33,27,0.000653966
33,6,0.000518294
33,7,0.00050851
33,34,0.000468509
33,21,0.00041864
33,24,0.000133561
34,57,0.540098
34,51,0.395698
34,56,0.247731
34,43,0.245125
34,25,0.0351344
34,61,0.0154165
34,44,0.0135199
34,59,0.0102414
34,31,0.0062789
34,48,0.00606191
34,14,0.00515875
34,53,0.00296082
34,5,0.00162919
34,23,0.00106688
34,17,0.00103177
34,32,0.000826852
34,58,0.000525159
34,33,0.000468509
34,45,0.00042764
34,19,0.00036198
34,6,0.000284977
34,22,0.000279581
34,60,0.000127758
34,24,7.34E-05
35,42,0.841086
35,63,0.743168
35,26,0.577301
35,9,0.559042
35,38,0.552865
35,68,0.428777
35,29,0.346347
35,12,0.164656
35,30,0.115035
35,25,0.101882
35,5,0.0823877
35,27,0.0687219
35,61,0.0508248
35,55,0.0401918
35,4,0.0182296
35,71,0.0151791
35,28,0.00731011
35,21,0.00631728
35,67,0.00368828
35,46,0.00335032
35,20,0.000911795
35,47,0.000877042
35,36,4.75E-05
35,18,2.61E-05
36,38,0.303538
36,18,0.298013
36,41,0.159009
36,4,0.0459098
36,28,0.0346277
36,10,0.0328005
36,17,0.0317952
36,3,0.0282193
36,14,0.0108788
36,13,0.0107885
36,39,0.00888919
36,37,0.00490514
36,12,0.000436922
36,25,0.000164343
36,46,0.000150038
36,47,0.00014441
36,29,6.91E-05
36,27,6.03E-05
36,40,5.22E-05
36,35,4.75E-05
36,24,4.28E-05
36,21,3.53E-05
36,30,2.28E-05
36,20,1.26E-05
37,4,0.490602
37,17,0.334899
37,26,0.28822
37,41,0.255132
37,48,0.227446
37,2,0.220489
37,23,0.173047
37,10,0.0383411
37,3,0.032986
37,28,0.0260768
37,13,0.0240389
37,12,0.0218418
37,42,0.0157309
37,14,0.0127164
37,18,0.0121248
37,46,0.0119596
37,50,0.0119547
37,39,0.0103907
37,38,0.00940954
37,47,0.00552445
37,49,0.00539382
37,36,0.00490514
37,40,0.0013964
37,24,0.000952345
38,42,0.615025
38,35,0.552865
38,9,0.408787
38,18,0.385503
38,26,0.345364
38,36,0.303538
38,20,0.0513257
38,28,0.0384864
38,55,0.0260538
38,29,0.0246691
38,12,0.0239422
38,25,0.0233413
38,46,0.0160168
38,4,0.0140719
38,37,0.00940954
38,30,0.00835932
38,27,0.00693991
38,13,0.0047216
38,47,0.00448101
38,61,0.00447997
38,21,0.00405553
38,40,0.000615568
38,24,0.000440235
38,50,4.14E-05
39,88,0.848335
39,54,0.703387
39,104,0.580128
39,14,0.519462
39,102,0.518355
39,93,0.498075
39,10,0.479136
39,52,0.42797
39,3,0.420189
39,17,0.354254
39,49,0.325229
39,96,0.308119
39,28,0.250502
39,85,0.244713
39,105,0.200507
39,91,0.189004
39,9,0.15791
39,5,0.13962
39,19,0.116707
39,41,0.0603134
39,13,0.0142589
39,37,0.0103907
39,36,0.00888919
39,103,0.00731959
40,65,0.710657
40,28,0.486214
40,47,0.405213
40,81,0.0185696
40,69,0.00255686
40,73,0.00212193
40,5,0.00173383
40,12,0.00141932
40,37,0.0013964
40,18,0.00107938
40,13,0.000977514
40,46,0.000735265
40,38,0.000615568
40,64,0.00028052
40,4,0.000216622
40,26,0.000161712
40,72,9.48E-05
40,24,7.20E-05
40,36,5.22E-05
40,74,4.42E-05
40,76,1.65E-05
40,41,1.56E-05
40,50,1.21E-05
40,2,3.03E-06
41,62,0.851584
41,17,0.268131
41,37,0.255132
41,10,0.247438
41,42,0.197978
41,3,0.191469
41,4,0.174165
41,36,0.159009
41,54,0.142619
41,26,0.132843
41,48,0.118327
41,2,0.0832085
41,14,0.0738128
41,64,0.0631224
41,28,0.0629117
41,23,0.0614782
41,39,0.0603134
41,49,0.0313086
41,13,0.0250473
41,51,0.0197453
41,66,0.0129463
41,52,0.00854005
41,50,0.00419887
41,40,1.56E-05
42,35,0.841086
42,63,0.673136
42,9,0.631173
42,68,0.63062
42,38,0.615025
42,26,0.547693
42,62,0.224967
42,41,0.197978
42,4,0.0452963
42,48,0.0160458
42,70,0.0160458
42,37,0.0157309
42,2,0.013136
42,23,0.00876238
42,72,0.00828482
42,10,0.00363861
42,51,0.00281426
42,66,0.00130631
42,6,0.00118835
42,74,0.00105367
42,20,0.000720151
42,50,0.000656336
42,71,1.54E-05
42,18,9.00E-06
43,56,0.681635
43,31,0.665054
43,24,0.582927
43,57,0.488747
43,23,0.384599
43,48,0.318927
43,34,0.245125
43,19,0.23078
43,61,0.193675
43,44,0.162396
43,59,0.123016
43,14,0.0619652
43,53,0.0355644
43,25,0.0331377
43,5,0.0195693
43,17,0.0123932
43,60,0.0101791
43,32,0.00993186
43,58,0.00630803
43,33,0.00562757
43,45,0.00513667
43,6,0.00342304
43,51,0.00337951
43,22,0.00335823
44,31,0.329537
44,14,0.270748
44,43,0.162396
44,25,0.144791
44,16,0.136426
44,5,0.0855052
44,23,0.0559936
44,17,0.0541505
44,32,0.0438835
44,33,0.0327594
44,19,0.0189979
44,6,0.0149565
44,22,0.0148544
44,34,0.0135199
44,1,0.00907669
44,8,0.00829212
44,15,0.0050262
44,24,0.0038542
44,11,0.000853106
44,30,0.000568351
44,29,0.000424777
44,27,0.000253479
44,7,0.0001971
44,21,0.000162266
45,58,0.999767
45,61,0.0255925
45,44,0.022444
45,59,0.0170014
45,57,0.0122333
45,31,0.0104234
45,48,0.0100632
45,14,0.00856391
45,43,0.00513667
45,53,0.00491518
45,25,0.00457981
45,5,0.00270457
45,23,0.00177111
45,17,0.00171281
45,32,0.00137264
45,56,0.000911334
45,33,0.00077776
45,19,0.000600914
45,6,0.000473082
45,51,0.000467066
45,22,0.000464125
45,34,0.00042764
45,60,0.000212088
45,24,0.00012191
46,1,0.626204
46,8,0.566197
46,20,0.119683
46,15,0.118268
46,29,0.0897285
46,16,0.072309
46,12,0.0206789
46,28,0.0204492
46,11,0.013198
46,37,0.0119596
46,25,0.0113025
46,27,0.00787689
46,30,0.00684296
46,7,0.00561184
46,21,0.00482181
46,13,0.00465408
46,32,0.00464793
46,33,0.00351032
46,35,0.00335032
46,22,0.00280053
46,18,0.00223356
46,24,0.000507282
46,4,0.000443506
46,36,0.000150038
47,28,0.629469
47,40,0.405213
47,46,0.0109591
47,65,0.0100744
47,12,0.00805334
47,37,0.00552445
47,38,0.00448101
47,55,0.0041822
47,13,0.00307683
47,25,0.003034
47,18,0.00274011
47,20,0.00223346
47,29,0.00182467
47,27,0.00111401
47,67,0.000942449
47,35,0.000877042
47,61,0.000719132
47,21,0.000651001
47,4,0.000548578
47,30,0.000420748
47,63,0.000302555
47,24,0.000270289
47,36,0.00014441
47,50,3.06E-05
48,31,0.404767
48,4,0.36045
48,26,0.321539
48,43,0.318927
48,44,0.318149
48,24,0.315914
48,23,0.291893
48,37,0.227446
48,2,0.160623
48,14,0.121396
48,41,0.118327
48,25,0.0649199
48,51,0.0473109
48,19,0.0425318
48,5,0.038338
48,17,0.0242795
48,32,0.0194574
48,42,0.0160458
48,33,0.0110249
48,45,0.0100632
48,50,0.00865284
48,6,0.00670606
48,22,0.00657909
48,34,0.00606191
49,39,0.325229
49,105,0.322167
49,91,0.303685
49,3,0.271595
49,52,0.261586
49,9,0.253724
49,5,0.224336
49,104,0.216846
49,19,0.18752
49,14,0.155364
49,93,0.146981
49,28,0.120451
49,10,0.0873216
49,88,0.0772826
49,96,0.0752579
49,54,0.0735831
49,17,0.0700278
49,102,0.0541634
49,85,0.0323421
49,41,0.0313086
49,13,0.0074018
49,37,0.00539382
49,36,0.00461437
49,103,0.00150184
50,23,0.557486
50,2,0.0191658
50,6,0.019057
50,4,0.0188129
50,13,0.01462
50,20,0.0132357
50,9,0.0126736
50,18,0.012019
50,37,0.0119547
50,26,0.00874645
50,48,0.00865284
50,41,0.00419887
50,1,0.00220538
50,51,0.0021144
50,5,0.00195438
50,42,0.000656336
50,12,9.05E-05
50,38,4.14E-05
50,47,3.06E-05
50,28,2.91E-05
50,46,2.48E-05
50,40,1.21E-05
50,36,1.08E-05
50,24,9.91E-06
51,34,0.395698
51,4,0.0873337
51,25,0.0780632
51,37,0.0555785
51,23,0.0501398
51,48,0.0473109
51,26,0.0411303
51,2,0.0392499
51,41,0.0197453
51,44,0.0147663
51,31,0.00685778
51,14,0.00563436
51,43,0.00337951
51,42,0.00281426
51,50,0.0021144
51,5,0.00177939
51,17,0.00112689
51,32,0.000903083
51,33,0.000511703
51,45,0.000467066
51,19,0.000395352
51,6,0.00031125
51,22,0.000305357
51,24,8.02E-05
52,14,0.65564
52,93,0.565628
52,3,0.560383
52,39,0.42797
52,102,0.339709
52,17,0.316669
52,13,0.307069
52,88,0.296653
52,105,0.277776
52,91,0.26184
52,10,0.261712
52,49,0.261586
52,85,0.240647
52,96,0.237022
52,9,0.218764
52,5,0.193425
52,104,0.188827
52,19,0.161682
52,54,0.0130067
52,41,0.00854005
52,103,0.00641447
52,28,0.00573749
52,37,0.00147127
52,36,0.00125866
53,33,0.248004
53,29,0.105612
53,15,0.10242
53,31,0.0721679
53,14,0.0592933
53,43,0.0355644
53,25,0.0317088
53,5,0.0187254
53,23,0.0122625
53,17,0.0118588
53,32,0.00957303
53,7,0.00619089
53,19,0.0041605
53,6,0.00327544
53,22,0.00325526
53,34,0.00296082
53,16,0.00108002
53,1,0.00104452
53,8,0.000966973
53,24,0.00084406
53,11,0.000197128
53,30,6.97E-05
53,27,5.86E-05
53,21,3.75E-05
54,88,0.876266
54,39,0.703387
54,109,0.647684
54,115,0.523479
54,10,0.521746
54,17,0.318995
54,96,0.305224
54,3,0.296387
54,102,0.273994
54,104,0.273191
54,117,0.198894
54,14,0.171395
54,93,0.168673
54,41,0.142619
54,28,0.141786
54,122,0.137185
54,126,0.0851271
54,49,0.0735831
54,13,0.0337171
54,85,0.0254215
54,37,0.0245703
54,36,0.0210197
54,52,0.0130067
54,103,0.00684127
55,27,0.955644
55,21,0.428248
55,29,0.0771208
55,25,0.0583754
55,33,0.0542184
55,16,0.0458931
55,35,0.0401918
55,28,0.0348585
55,38,0.0260538
55,12,0.0234986
55,30,0.0209788
55,46,0.0149859
55,20,0.00434792
55,47,0.0041822
55,32,0.00196061
55,44,0.000845271
55,15,0.000500846
55,1,0.000453415
55,8,0.000419754
55,36,0.000226539
55,18,0.000124381
55,11,8.56E-05
55,7,1.98E-05
55,22,1.82E-05
56,43,0.681635
56,57,0.424788
56,34,0.247731
56,31,0.245812
56,19,0.207277
56,23,0.188732
56,24,0.142818
56,61,0.0332265
56,44,0.0288119
56,48,0.023716
56,59,0.0218251
56,14,0.0109937
56,5,0.00682881
56,53,0.00630973
56,25,0.00587921
56,17,0.00219877
56,32,0.00176208
56,58,0.00111915
56,33,0.000998429
56,45,0.000911334
56,6,0.000681837
56,60,0.000651517
56,51,0.000599584
56,22,0.000595809
57,34,0.540098
57,43,0.488747
57,61,0.44101
57,56,0.424788
57,51,0.396965
57,44,0.386755
57,59,0.292969
57,31,0.179617
57,48,0.17341
57,14,0.147574
57,25,0.125076
57,53,0.0846984
57,5,0.0466053
57,23,0.0305198
57,17,0.0295151
57,32,0.0236533
57,58,0.0150229
57,33,0.0134024
57,45,0.0122333
57,19,0.010355
57,6,0.00815216
57,22,0.00799782
57,60,0.00365471
57,24,0.00210076
58,45,0.999767
58,61,0.0314286
58,44,0.0275621
58,59,0.0208784
58,57,0.0150229
58,31,0.0128004
58,48,0.012358
58,14,0.0105168
58,43,0.00630803
58,53,0.00603603
58,25,0.00562418
58,5,0.00332132
58,23,0.00217499
58,17,0.00210339
58,32,0.00168565
58,56,0.00111915
58,33,0.000955119
58,19,0.000737945
58,6,0.000580963
58,51,0.000573575
58,22,0.000569964
58,34,0.000525159
58,60,0.000260453
58,24,0.00014971
59,33,0.335299
59,31,0.249626
59,14,0.205093
59,15,0.194249
59,43,0.123016
59,25,0.10968
59,29,0.0768897
59,5,0.0647706
59,23,0.0424154
59,17,0.0410193
59,32,0.0337111
59,19,0.014391
59,16,0.0130449
59,1,0.012616
59,8,0.0116794
59,22,0.0116204
59,6,0.0113296
59,34,0.0102414
59,7,0.00495929
59,24,0.00291957
59,11,0.00238098
59,30,0.00084146
59,27,0.00070745
59,21,0.000452878
60,24,0.330331
60,61,0.0197
60,31,0.0121814
60,43,0.0101791
60,48,0.0087638
60,44,0.00670518
60,23,0.00530042
60,59,0.00507921
60,57,0.00365471
60,14,0.00255849
60,19,0.00192657
60,53,0.00146842
60,25,0.00136823
60,5,0.000807997
60,56,0.000651517
60,17,0.000511705
60,32,0.000410077
60,58,0.000260453
60,33,0.000232357
60,45,0.000212088
60,6,0.000141334
60,51,0.000139537
60,22,0.000138658
60,34,0.000127758
61,31,0.38464
61,14,0.30873
61,25,0.198487
61,5,0.0975001
61,29,0.0888109
61,23,0.0685389
61,17,0.0617469
61,35,0.0508248
61,32,0.0494836
61,33,0.0280383
61,19,0.0224114
61,30,0.0191354
61,24,0.0188608
61,6,0.0170547
61,22,0.0167318
61,34,0.0154165
61,12,0.00988864
61,27,0.00964138
61,28,0.00599393
61,38,0.00447997
61,21,0.00311919
61,20,0.000747628
61,36,3.90E-05
61,18,2.14E-05
62,41,0.851584
62,42,0.224967
62,44,0.0104464
62,10,0.0099308
62,26,0.00759083
62,2,0.00599673
62,43,0.00593555
62,31,0.0048515
62,48,0.00468384
62,51,0.00443008
62,14,0.003986
62,25,0.00309278
62,34,0.00272778
62,53,0.00228773
62,5,0.00125882
62,23,0.000824347
62,17,0.000797212
62,32,0.000638882
62,33,0.000362002
62,45,0.000330424
62,19,0.00027969
62,6,0.000220192
62,22,0.000216023
62,24,5.67E-05
63,35,0.743168
63,42,0.673136
63,26,0.638424
63,9,0.447412
63,38,0.438395
63,68,0.343158
63,5,0.204356
63,55,0.0427907
63,4,0.0145894
63,12,0.0122063
63,27,0.00767474
63,25,0.00472153
63,28,0.00252178
63,71,0.0023974
63,29,0.00172186
63,67,0.00127235
63,46,0.00107426
63,61,0.00102976
63,21,0.000878883
63,30,0.000568031
63,20,0.000314543
63,47,0.000302555
63,36,1.64E-05
63,18,9.00E-06
64,51,0.315515
64,26,0.1398
64,37,0.101155
64,41,0.0631224
64,34,0.047968
64,13,0.0202032
64,25,0.0197576
64,44,0.015402
64,31,0.00715299
64,48,0.00690579
64,14,0.00587691
64,43,0.00352499
64,2,0.0026236
64,5,0.00185599
64,23,0.00121541
64,17,0.0011754
64,32,0.000941958
64,33,0.000533731
64,45,0.000487172
64,19,0.000412371
64,6,0.000324648
64,22,0.000318502
64,40,0.00028052
64,24,8.37E-05
65,40,0.710657
65,105,0.690989
65,95,0.459644
65,106,0.212404
65,81,0.190061
65,93,0.170327
65,69,0.15515
65,18,0.0732626
65,103,0.0580902
65,13,0.0525748
65,37,0.0446871
65,12,0.0297667
65,4,0.0147031
65,38,0.0136251
65,47,0.0100744
65,28,0.00957069
65,104,0.00942622
65,46,0.00814481
65,84,0.00548164
65,100,0.00461432
65,36,0.00354516
65,24,0.00326044
65,73,0.00250472
65,50,0.000820881
66,45,0.598943
66,44,0.580537
66,31,0.269613
66,48,0.260296
66,14,0.221515
66,43,0.132865
66,53,0.127136
66,25,0.118461
66,5,0.0699566
66,23,0.0458115
66,17,0.0443036
66,32,0.0355046
66,33,0.0201176
66,19,0.0155433
66,41,0.0129463
66,6,0.0122368
66,51,0.0120812
66,22,0.0120051
66,34,0.0110614
66,24,0.00315334
66,42,0.00130631
66,10,0.000354386
66,26,4.41E-05
66,2,3.48E-05
67,30,0.0407785
67,25,0.0132169
67,28,0.00785527
67,38,0.00587116
67,29,0.00536353
67,27,0.0046848
67,35,0.00368828
67,12,0.00357921
67,21,0.00273769
67,20,0.00231281
67,31,0.00104211
67,14,0.000856196
67,5,0.000270396
67,34,0.000248718
67,23,0.00017707
67,17,0.000171242
67,32,0.000137232
67,33,7.78E-05
67,19,6.01E-05
67,36,5.10E-05
67,6,4.73E-05
67,22,4.64E-05
67,18,2.80E-05
67,24,1.22E-05
68,62,0.643101
68,42,0.63062
68,41,0.57095
68,35,0.428777
68,63,0.343158
68,9,0.321363
68,26,0.316512
68,38,0.313534
68,83,0.232853
68,4,0.100706
68,90,0.0537216
68,37,0.0404923
68,48,0.0399696
68,70,0.0399696
68,2,0.0324611
68,85,0.0310174
68,94,0.02852
68,23,0.022555
68,72,0.0213257
68,87,0.0175566
68,51,0.00724409
68,10,0.00691487
68,66,0.00373429
68,50,0.00154047
69,19,0.666259
69,31,0.424581
69,43,0.342971
69,24,0.27703
69,23,0.265409
69,44,0.232856
69,14,0.0888506
69,25,0.0475155
69,18,0.0420963
69,13,0.0315607
69,37,0.0303513
69,5,0.02806
69,12,0.0244859
69,17,0.0177704
69,32,0.0142411
69,28,0.0114583
69,38,0.0109513
69,4,0.00844834
69,33,0.00806926
69,6,0.00490823
69,22,0.0048153
69,34,0.00443677
69,40,0.00255686
69,36,0.00203703
70,48,1
70,31,0.404767
70,4,0.36045
70,26,0.321539
70,43,0.318927
70,44,0.318149
70,24,0.315914
70,23,0.291893
70,37,0.227446
70,2,0.160623
70,14,0.121396
70,41,0.118327
70,25,0.0649199
70,19,0.0425318
70,5,0.038338
70,17,0.0242795
70,32,0.0194574
70,42,0.0160458
70,33,0.0110249
70,45,0.0100632
70,50,0.00865284
70,6,0.00670606
70,22,0.00657909
70,34,0.00606191
71,25,0.113728
71,61,0.057133
71,55,0.0320244
71,12,0.0176313
71,35,0.0151791
71,28,0.0142349
71,38,0.0106394
71,20,0.0105342
71,27,0.0104381
71,29,0.00971952
71,18,0.00864168
71,1,0.00742353
71,5,0.00657866
71,46,0.00606397
71,6,0.00508246
71,21,0.0049611
71,9,0.00339397
71,30,0.00320641
71,2,0.00288547
71,47,0.00170786
71,4,0.000661564
71,50,0.000318675
71,36,9.25E-05
71,42,1.54E-05
72,44,0.481482
72,23,0.423182
72,4,0.2571
72,31,0.22361
72,37,0.197795
72,14,0.183718
72,26,0.168319
72,2,0.116433
72,45,0.114893
72,43,0.110195
72,41,0.100928
72,25,0.0982489
72,5,0.0580202
72,17,0.0367442
72,32,0.0294466
72,33,0.016685
72,19,0.0128912
72,6,0.0101489
72,22,0.0099567
72,34,0.009174
72,42,0.00828482
72,13,0.00682637
72,24,0.00261529
72,40,9.48E-05
73,24,0.279095
73,26,0.208306
73,37,0.151138
73,31,0.119986
73,19,0.0852625
73,23,0.0832326
73,13,0.0370102
73,14,0.0135478
73,25,0.0072451
73,18,0.00472437
73,5,0.00427854
73,2,0.00390922
73,17,0.0027096
73,28,0.00265139
73,32,0.00217146
73,40,0.00212193
73,33,0.00123039
73,6,0.0007484
73,22,0.000734231
73,34,0.000676512
73,12,0.000276121
73,4,0.000136388
73,38,0.000126389
73,36,3.29E-05
74,6,0.558899
74,76,0.480902
74,79,0.362427
74,98,0.328511
74,97,0.279402
74,9,0.233967
74,20,0.210241
74,2,0.197374
74,92,0.164174
74,83,0.14657
74,72,0.115662
74,73,0.0619273
74,90,0.0457342
74,64,0.0382006
74,26,0.0220216
74,50,0.0168971
74,37,0.0159342
74,71,0.00450644
74,13,0.00318245
74,18,0.00262677
74,3,0.00259007
74,41,0.00213075
74,42,0.00105367
74,40,4.42E-05
75,99,0.743572
75,55,0.032178
75,25,0.0261587
75,12,0.019254
75,38,0.0153857
75,28,0.0142937
75,71,0.0133976
75,100,0.0125624
75,29,0.0123954
75,35,0.0117817
75,27,0.0107522
75,67,0.00721182
75,46,0.00665015
75,61,0.00571407
75,103,0.00557191
75,21,0.0049816
75,30,0.00412404
75,101,0.00291992
75,63,0.00242006
75,20,0.00178286
75,47,0.00171491
75,36,9.29E-05
75,84,8.37E-05
75,18,5.10E-05
76,97,0.564493
76,74,0.480902
76,9,0.251905
76,83,0.225607
76,137,0.214084
76,3,0.195994
76,143,0.190852
76,64,0.0251147
76,73,0.0213056
76,90,0.0174196
76,136,0.0164105
76,113,0.0150425
76,72,0.0131661
76,26,0.0082429
76,92,0.00657568
76,37,0.00596433
76,116,0.00592111
76,142,0.00386078
76,41,0.00312887
76,138,0.00193817
76,13,0.00119122
76,104,0.00023739
76,2,0.000154693
76,40,1.65E-05
77,51,0.421109
77,44,0.346912
77,59,0.262787
77,57,0.189087
77,31,0.161113
77,48,0.155545
77,14,0.132371
77,43,0.0793965
77,34,0.0779603
77,25,0.0768907
77,53,0.0759729
77,5,0.041804
77,58,0.0284395
77,23,0.0273756
77,17,0.0264745
77,45,0.0259803
77,32,0.0212165
77,56,0.0140863
77,33,0.0120217
77,19,0.0092882
77,6,0.00731234
77,22,0.00717389
77,60,0.00327821
77,24,0.00188434
78,51,0.543891
78,58,0.144102
78,45,0.140301
78,34,0.0956945
78,25,0.0155596
78,44,0.0105828
78,59,0.00801653
78,57,0.00576824
78,31,0.00491487
78,48,0.00474502
78,14,0.00403807
78,43,0.00242205
78,53,0.00231761
78,5,0.00127526
78,23,0.000835115
78,17,0.000807625
78,32,0.000647227
78,56,0.000429713
78,33,0.000366731
78,19,0.000283344
78,6,0.000223068
78,22,0.000218845
78,60,0.000100004
78,24,5.75E-05
79,123,0.406101
79,6,0.365324
79,74,0.362427
79,98,0.352044
79,121,0.246374
79,20,0.23736
79,118,0.235254
79,114,0.187555
79,18,0.183181
79,110,0.165079
79,1,0.157736
79,111,0.153059
79,100,0.148058
79,5,0.14098
79,122,0.139629
79,115,0.137443
79,94,0.134418
79,9,0.128343
79,2,0.109328
79,4,0.014057
79,50,0.0108906
79,71,0.0075891
79,116,0.000596882
79,42,0.000584865
80,33,0.675978
80,30,0.563013
80,8,0.557752
80,82,0.446485
80,16,0.446317
80,15,0.261173
80,1,0.233223
80,59,0.207478
80,95,0.194075
80,86,0.173736
80,53,0.14937
80,46,0.0701996
80,81,0.066563
80,11,0.0440153
80,55,0.0394339
80,7,0.0344929
80,32,0.0278714
80,29,0.021916
80,27,0.0205126
80,89,0.0183773
80,99,0.0122545
80,44,0.0100064
80,22,0.00933976
80,21,0.00837199
81,15,0.0732458
81,16,0.0685631
81,1,0.0663092
81,18,0.0642353
81,8,0.0613865
81,13,0.0582977
81,28,0.0358489
81,37,0.0355629
81,21,0.0299298
81,12,0.0274406
81,40,0.0185696
81,11,0.0125143
81,38,0.0123348
81,4,0.0103493
81,29,0.00623111
81,30,0.00442267
81,32,0.00440715
81,27,0.00371832
81,33,0.00332847
81,7,0.00289128
81,22,0.00265546
81,36,0.00249539
81,24,0.0024533
81,44,0.00207242
82,16,0.485269
82,15,0.285011
82,33,0.279435
82,1,0.25802
82,8,0.238865
82,31,0.0779453
82,11,0.0696584
82,14,0.06404
82,32,0.0593435
82,43,0.0384115
82,25,0.0342473
82,30,0.0304517
82,7,0.0271949
82,29,0.0242462
82,5,0.0202245
82,27,0.0144686
82,22,0.0138035
82,23,0.0132441
82,17,0.0128082
82,21,0.00926214
82,19,0.00449357
82,6,0.00353766
82,34,0.00319785
82,24,0.000911631
83,26,0.61129
83,63,0.557687
83,35,0.499208
83,73,0.480134
83,9,0.462459
83,42,0.456762
83,92,0.442795
83,90,0.382524
83,64,0.319512
83,38,0.296198
83,68,0.232853
83,76,0.225607
83,72,0.191133
83,87,0.154437
83,74,0.14657
83,5,0.133874
83,37,0.133275
83,3,0.123604
83,97,0.111312
83,13,0.0266182
83,41,0.0178217
83,4,0.0098998
83,2,0.00345666
83,40,0.000369593
84,13,0.378976
84,24,0.363832
84,31,0.308508
84,18,0.225715
84,23,0.162991
84,12,0.121042
84,28,0.097472
84,19,0.0393632
84,14,0.0109776
84,25,0.00601862
84,5,0.00346684
84,17,0.00219555
84,32,0.0017595
84,33,0.000996967
84,6,0.000606417
84,22,0.000594936
84,34,0.000548168
84,4,0.000298489
84,30,0.000180823
84,29,6.22E-05
84,27,5.44E-05
84,35,4.28E-05
84,21,3.18E-05
84,20,1.14E-05
85,48,0.579952
85,70,0.579952
85,26,0.310056
85,4,0.276569
85,14,0.259728
85,39,0.244713
85,52,0.240647
85,17,0.218425
85,10,0.188373
85,37,0.175767
85,3,0.160901
85,2,0.123197
85,41,0.0997163
85,23,0.0971713
85,72,0.0918755
85,28,0.0580046
85,49,0.0323421
85,51,0.031209
85,68,0.0310174
85,54,0.0254215
85,42,0.012932
85,50,0.00663666
85,13,0.00180828
85,36,0.00112731
86,82,0.192209
86,15,0.191179
86,16,0.178957
86,80,0.173736
86,1,0.173074
86,8,0.160225
86,21,0.131051
86,95,0.11454
86,81,0.0545416
86,46,0.052095
86,11,0.0326637
86,29,0.0162639
86,30,0.0115436
86,32,0.0115031
86,27,0.00970521
86,59,0.00939817
86,99,0.00909402
86,89,0.00883662
86,33,0.00868766
86,7,0.00754656
86,22,0.00693103
86,44,0.00336737
86,53,0.000778101
86,55,0.000337766
87,2,0.365731
87,114,0.318752
87,92,0.276302
87,26,0.271928
87,63,0.235744
87,4,0.21166
87,83,0.154437
87,111,0.145197
87,5,0.13516
87,37,0.134699
87,23,0.100908
87,70,0.0986157
87,117,0.0986157
87,48,0.0986157
87,35,0.095042
87,85,0.0756375
87,72,0.0709407
87,41,0.0478542
87,51,0.0240977
87,68,0.0175566
87,42,0.00682057
87,50,0.00512442
87,96,0.00236255
87,113,0.00175826
88,54,0.876266
88,39,0.848335
88,10,0.656117
88,109,0.584205
88,102,0.52115
88,17,0.520976
88,115,0.464045
88,96,0.447659
88,3,0.430131
88,104,0.422068
88,14,0.400273
88,93,0.385473
88,52,0.296653
88,85,0.221917
88,117,0.180498
88,28,0.147045
88,122,0.145813
88,41,0.125954
88,126,0.0855642
88,49,0.0772826
88,13,0.0297774
88,37,0.0216993
88,36,0.0185636
88,103,0.0108699
89,53,0.298083
89,59,0.293418
89,33,0.0205937
89,80,0.0183773
89,15,0.0132294
89,82,0.0131737
89,16,0.0122654
89,1,0.0118622
89,8,0.0109816
89,86,0.00883662
89,95,0.0078504
89,81,0.00379745
89,46,0.00357051
89,11,0.00223872
89,29,0.0011147
89,44,0.000923857
89,30,0.000791182
89,32,0.000788405
89,27,0.000665179
89,99,0.000623289
89,7,0.000517229
89,22,0.000475041
89,21,0.000425818
89,55,2.31E-05
90,31,0.5108
90,43,0.464002
90,24,0.427503
90,23,0.343668
90,19,0.275064
90,10,0.181114
90,26,0.168005
90,37,0.121104
90,41,0.104178
90,44,0.0324162
90,13,0.0241875
90,42,0.0203565
90,14,0.012369
90,25,0.0066147
90,5,0.00390627
90,2,0.00364194
90,17,0.00247384
90,32,0.00198252
90,33,0.00112333
90,45,0.00102534
90,6,0.000683281
90,22,0.000670345
90,34,0.000617649
90,40,0.000335842
91,44,0.607886
91,5,0.307065
91,49,0.303685
91,31,0.282315
91,48,0.272558
91,52,0.26184
91,9,0.256774
91,14,0.23195
91,19,0.20605
91,3,0.199622
91,39,0.189004
91,45,0.172521
91,43,0.139125
91,53,0.133126
91,25,0.124042
91,23,0.0479697
91,17,0.0463907
91,32,0.0371773
91,33,0.0210653
91,6,0.0129638
91,51,0.0126503
91,22,0.0125707
91,34,0.0115825
91,24,0.00330189
92,83,0.442795
92,63,0.417757
92,26,0.32356
92,87,0.276302
92,111,0.257301
92,5,0.239514
92,35,0.168422
92,74,0.164174
92,72,0.155047
92,73,0.0541211
92,64,0.0393179
92,90,0.0382718
92,113,0.0356241
92,37,0.0132612
92,76,0.00657568
92,41,0.00339726
92,13,0.00264859
92,9,0.00145485
92,97,0.00126329
92,3,0.00113194
92,104,0.00052782
92,2,0.000343948
92,40,3.68E-05
92,116,3.42E-05
93,14,0.802433
93,13,0.591415
93,52,0.565628
93,39,0.498075
93,3,0.456971
93,17,0.383369
93,10,0.380599
93,28,0.272688
93,18,0.23434
93,65,0.170327
93,54,0.168673
93,49,0.146981
93,69,0.0978691
93,41,0.0735955
93,37,0.0408677
93,12,0.0187769
93,36,0.013083
93,4,0.00927476
93,38,0.00859476
93,50,0.00833233
93,47,0.00635496
93,46,0.00513776
93,40,0.00250944
93,24,0.00205669
94,18,0.225957
94,5,0.225732
94,41,0.213249
94,1,0.196132
94,20,0.15003
94,31,0.0194344
94,4,0.0174787
94,14,0.0159673
94,10,0.0129365
94,25,0.00853899
94,23,0.00330221
94,17,0.00319351
94,40,0.00261817
94,32,0.00255926
94,42,0.00204123
94,33,0.00145012
94,19,0.0011204
94,6,0.000882056
94,22,0.000865356
94,34,0.00079733
94,9,0.000399684
94,24,0.0002273
94,26,6.89E-05
94,2,5.44E-05
95,13,0.285385
95,18,0.24814
95,8,0.198125
95,15,0.169842
95,1,0.166425
95,16,0.158984
95,7,0.127141
95,30,0.0762111
95,37,0.0760698
95,12,0.0506712
95,11,0.0290182
95,4,0.0250288
95,38,0.0231938
95,28,0.0186883
95,22,0.0155752
95,29,0.0144487
95,32,0.0106694
95,27,0.00953855
95,40,0.00833086
95,33,0.00771806
95,36,0.00603485
95,24,0.00555017
95,21,0.00551945
95,44,0.00309908
96,17,0.625751
96,10,0.620851
96,50,0.567065
96,3,0.533327
96,23,0.44618
96,14,0.346334
96,39,0.308119
96,54,0.305224
96,72,0.303247
96,52,0.237022
96,41,0.198018
96,28,0.14907
96,49,0.0752579
96,13,0.0467196
96,37,0.0351719
96,36,0.0291256
96,51,0.0191053
96,4,0.00177009
96,26,0.000833636
96,70,0.000824714
96,48,0.000824714
96,2,0.000795523
96,68,0.000146824
96,42,5.70E-05
97,76,0.564493
97,74,0.279402
97,9,0.132323
97,137,0.112456
97,83,0.111312
97,3,0.102954
97,143,0.100252
97,64,0.00521461
97,116,0.00311029
97,73,0.00305322
97,72,0.00246286
97,90,0.00245322
97,136,0.00235172
97,113,0.00215568
97,142,0.00202802
97,92,0.00126329
97,26,0.00118126
97,37,0.000854725
97,138,0.000277752
97,13,0.000170709
97,41,0.000114295
97,104,3.40E-05
97,2,2.22E-05
97,40,2.37E-06
98,6,0.731011
98,20,0.413934
98,18,0.288064
98,1,0.247606
98,5,0.247163
98,9,0.246816
98,44,0.230177
98,2,0.210346
98,31,0.106899
98,48,0.103205
98,14,0.0878284
98,43,0.0526798
98,45,0.0473394
98,25,0.0469688
98,4,0.022066
98,23,0.0181638
98,17,0.0175659
98,32,0.0140772
98,33,0.00797643
98,19,0.00616275
98,22,0.0047599
98,34,0.00438572
98,24,0.00125027
98,42,0.00112527
99,46,0.284135
99,1,0.278694
99,8,0.251528
99,29,0.0271264
99,22,0.0249682
99,32,0.022665
99,25,0.0163942
99,35,0.0152472
99,15,0.0134848
99,16,0.0126227
99,28,0.00993969
99,38,0.00771709
99,27,0.00764653
99,30,0.00654317
99,12,0.00452896
99,21,0.00421878
99,44,0.00249977
99,11,0.00230393
99,20,0.00123978
99,47,0.00119253
99,33,0.000612782
99,7,0.000532295
99,36,6.46E-05
